15.68541300 28.37387200 38.29147800 43.37315400 4.97733000 4.97733000 28.81095200 79.59846700 86.44064500 274.54950600 557.59499100 508.47427500 360.51384700 424.82251900 239.57495400 255.00722900 253.62091400 305.66902200 402.34783900 476.11635900 468.62328800 194.01597800 75.13097300 84.99049100 64.84605600 6.67734100 86.72443900 73.74161600 76.45206000 11.37865100 7.09429000
21.47569200 74.68330300 58.24323200 20.98684600 30.21103500 24.87858500 23.25231500 63.95831700 285.42309100 401.28222800 488.91070500 434.61053700 350.31674200 389.93633500 425.28727400 413.17355200 438.73352200 295.81505500 500.13799400 546.81323600 414.94661600 447.37802000 271.84912400 48.64702100 52.14462300 30.90766400 14.32779900 68.33567100 66.12379400 4.97733000 4.97733000
66.44494100 39.49955700 52.75899200 47.46477400 4.97733000 4.97733000 33.34895500 122.98612100 426.58717500 529.07841200 430.60601700 428.22273900 430.24793700 589.41710400 516.15376200 509.49002500 649.52786100 542.29942700 441.66403400 450.18987400 463.75324300 565.00167600 442.14933300 181.49869000 4.97733000 96.72852900 45.75204600 56.81087500 41.55998600 41.68287200 21.31588500
66.02697000 47.23367200 46.11054800 90.68727500 88.49504700 4.97733000 78.34814800 299.80652600 671.82993400 655.51113100 667.59175400 600.42394700 822.98788900 597.69176600 706.72078200 780.88808100 636.79763500 595.94090700 686.89151400 680.46665200 762.86409300 510.75400600 820.71789200 294.07665600 129.55954000 90.11831700 47.99090900 24.91017300 54.83629400 8.44957700 50.46104600
18.32972100 51.50277600 104.12286500 4.97733000 4.97733000 31.20436100 59.79805400 322.25399600 697.71818100 898.82110100 853.75215100 805.60078500 836.13987100 783.70157100 836.66997000 909.13091100 667.18900600 930.28688000 871.45709200 772.16573100 763.96662300 752.65964900 858.78535300 339.83102600 31.07445900 63.93114700 4.97733000 55.08693200 64.93271900 44.74923200 117.25157500
73.83797600 8.68151600 32.27893500 37.55380800 31.04954400 38.38978700 27.26191700 367.55276700 1003.99333000 889.90504100 870.84393000 1017.85038600 1047.17308600 886.87498800 838.58877000 1116.07717800 921.77235000 836.98362000 793.96325400 939.43999000 975.07597900 1037.52251000 860.65980400 309.75009800 4.97733000 44.70307800 33.82147200 49.26303600 6.73533200 4.97733000 57.96761200
4.97733000 119.88213500 21.43591800 55.62965600 61.73136100 85.83582600 146.62186200 353.93134700 1111.01815200 1244.02597000 1126.04189200 1171.99936200 1056.43936800 1147.38523800 1251.56964800 982.61039500 1134.36416800 1179.14868700 1116.49578800 1194.99790700 1124.55278100 1236.25455300 1154.53996200 364.91791600 66.45411400 6.59221500 128.35528600 79.73956800 66.53853800 85.28990000 8.76956600
8.71474200 66.58665100 80.53909700 83.24201500 43.77913100 106.84777900 119.75816900 565.10848800 1196.67199400 1522.19196600 1406.44994000 1474.67129700 1265.43752300 1163.82999100 1436.96291900 1246.33525800 1067.38154900 1312.80699600 1336.76922900 1295.54439700 1476.62296700 1435.25626600 1139.26627700 517.77348400 83.12493600 37.55642200 76.06477700 80.55082100 6.82690300 45.85640000 77.66696600
38.93289200 48.68896700 86.44072300 8.43350500 103.22309100 75.91198100 132.97473900 719.20602900 1189.02624400 1230.62812900 1529.95659500 1819.61071200 1700.89720600 1675.01306100 1607.78929600 1618.02594100 1575.54135900 1574.83206800 1597.62966900 1445.49012800 1504.95342800 1326.54414700 1171.50590900 709.82917900 158.86873300 76.47965100 47.19613000 59.70925300 4.97733000 77.45082500 58.53885200
4.97733000 4.97733000 12.82303400 4.97733000 42.60071400 52.09673600 253.95292700 926.56640900 1227.03131400 1517.76405300 1502.83939900 2070.97007400 1351.87178000 1829.02427000 1613.04325900 1599.47149400 2355.80980700 2020.01557800 1650.97542800 1500.02281900 1665.80510200 1650.97542800 1669.32164800 1081.95340000 228.10641700 4.97733000 127.96117400 86.42129100 69.92075300 86.68639000 71.59404900
39.31436500 54.83368800 56.08494900 44.89826100 75.34090000 45.16984100 394.15489700 1173.82008200 1395.48869200 1830.70499800 1710.82685100 1547.81445700 1928.87555700 1510.55378400 1664.72188700 1784.89436400 1770.19222500 1806.05080900 2170.58689200 1868.23626300 1769.41149600 1419.72322100 1420.92306100 1031.18727600 295.81637900 132.01457200 17.43654100 85.37385100 55.35595200 121.98635700 101.59468000
32.74772900 26.18809000 47.91401500 32.67848600 94.56413300 108.05688500 414.19851400 1073.40606700 1284.17809100 1852.12913600 1589.59071200 1637.12924900 1548.57976600 1943.63940600 1610.33698400 2196.06126100 1727.77725700 1508.27859000 1943.63940600 1873.61004800 1747.94437300 1449.10958600 1514.02296200 1146.76722200 404.18374600 97.10838900 57.93315100 84.42337700 81.83251500 78.28415300 94.92735500
50.26504500 52.01973800 132.75880700 4.97733000 100.47403100 39.97852100 685.03857100 1226.25512200 1426.01514400 1563.22665600 1422.99564500 1921.43578800 2287.81494700 2100.41099700 1688.65947500 1847.19100100 1873.53876000 1375.82966100 1915.43425100 2026.62762800 1377.29334000 1530.23482400 1752.43817700 1358.89693700 620.97865800 83.05298400 36.33114200 4.97733000 78.62853800 63.07216300 4.97733000
53.15791800 116.00647700 56.88432900 95.27355500 116.84140400 116.03459700 762.81631500 1470.62950400 1558.95377500 1462.33996300 1770.81575800 1607.40736700 1898.30158900 1648.70023700 2009.33961500 1989.64814000 1461.79596900 1848.09046000 1963.89779600 2158.37280000 1883.41418600 1718.59305000 1299.23724000 1165.21336200 942.61113100 185.14128600 42.52311800 107.51985600 80.90989700 48.37710100 45.23274500
60.46405800 60.33122600 95.22907100 39.95399800 62.20741600 209.29428800 814.00903900 1442.64309200 1472.71667600 1471.68960300 1704.18964100 1655.83858300 2146.11492400 1760.44208500 1833.95894800 1623.98759200 2151.04110600 2580.08458500 1881.35948300 2165.74575400 2109.18910100 1397.26605800 1581.37783000 1231.63208800 918.30691900 252.60725200 124.33275800 4.97733000 130.72013400 133.98829200 105.72608300
86.71212800 4.97733000 25.60128000 121.54594300 72.56547900 328.39703600 927.61423600 1575.92494400 1965.62332600 1533.99381200 1577.22902300 1939.88708400 2061.72069700 1932.84189300 1942.42048400 2641.33098700 1750.48261300 1838.34164000 1779.95291800 2276.56843800 1870.30715600 1957.15687100 1619.26794100 1696.79004800 1102.01575400 379.26371300 97.76513700 117.73415800 44.51748600 110.46900600 76.67055200
96.50186300 76.17638100 119.43846400 123.82879100 13.49316900 514.93380800 1088.86225500 1460.41197900 1825.43224500 1806.49978000 2006.05090900 2128.43685100 1497.40788300 1687.67137300 2067.12711200 2123.23642800 1760.95744800 1828.38346000 1849.36618100 1663.48883800 1670.67783100 1800.92411900 1825.43224500 1385.18586800 1226.74121100 474.06522000 112.28154300 30.48166600 137.46488300 50.54554200 87.20793600
174.82366200 4.97733000 4.97733000 64.74571700 89.16158500 682.45753400 1348.68718500 1417.02566500 1756.70385100 1677.11947100 2181.07418700 2225.20543600 1960.04848500 2310.21148000 2230.35835100 2442.87317400 2074.72091400 2057.31974600 2230.35835100 1844.47237400 1898.97643000 2026.83179700 1914.42622500 1425.93307500 1250.56461500 616.63398800 56.86494200 142.92364200 87.91682900 152.55284700 175.28420500
110.03939400 119.57871600 42.03389900 96.07665500 78.10396700 705.26018700 1323.28522000 1512.30581900 1817.60073800 1701.56499900 1556.37875600 1794.76261500 2139.74895000 1926.10268800 2548.18486300 2427.36651200 2630.74973800 2062.26961200 1909.42301900 2121.10191000 1913.83487700 1717.55027000 1717.81183100 1278.19491900 1204.82630800 823.36096200 142.03060800 146.17514800 80.01460300 47.00631200 80.01460300
138.36940100 109.67470400 75.95661000 33.36569100 189.86371200 1227.15012700 1383.57539200 1595.35601500 1826.43063100 2146.59760700 1708.11375900 1872.65862400 2338.14966900 2372.39557300 3491.94139200 3214.28378200 2775.86581900 2613.86823100 2461.35993100 1641.79653100 1777.86013200 1661.58003700 1919.05174400 1711.00411400 1613.94734000 937.37235200 142.98135000 116.55885300 124.56776000 76.69692700 20.10915400
214.48450800 120.65687300 4.97733000 169.53389000 153.37796600 1236.16181000 1681.99090500 1611.15460000 1713.03395300 2036.34109400 2040.87145500 2159.97976900 2527.20346400 2767.17085600 3244.06197000 4466.69069300 2681.09526200 3744.81875300 2210.74551200 1790.52112600 1630.27991100 1800.93057100 2103.23302400 1787.14842900 1552.75984300 1049.18891200 263.20422300 120.79117700 4.97733000 192.12716500 151.63357200
43.71703400 134.70135400 123.41224800 103.00037000 288.52906100 1237.28890900 1527.09060000 1626.36468500 1921.38557500 2303.15458600 2229.94232900 2362.03810400 2925.86669100 3149.65549000 2983.75533200 3040.30379200 3642.34700300 3546.61812300 3302.37278700 2197.66943400 2023.91911600 2184.91006700 1612.16416100 1413.45408200 1319.78898200 1295.67313300 368.80390000 158.82494000 94.82969500 200.77664300 108.27571700
202.30738500 181.56035700 4.97733000 166.70716800 607.37483800 1465.64415600 1944.20532400 1907.71598800 2112.80414300 2439.41094500 2725.75187900 3777.52903400 3339.12855100 4339.50476900 3900.47276300 2628.15442800 3144.75861500 3492.13965500 2765.00222200 3521.14072900 2109.75040700 2298.05128200 2665.29902200 1346.58909400 2108.88147900 1845.03114100 632.50577600 170.23577500 228.76059000 154.55359900 21.31766900
133.54371800 234.92462900 133.94453400 4.97733000 572.82887900 1339.26466800 1835.93824400 1987.16271200 1948.95513800 2697.51675200 3586.93737900 4638.81632200 4302.42698200 3895.68711000 3413.61306300 4374.71284500 4914.78623900 3578.59105000 3228.01801400 3987.06010800 4793.58516900 3212.05239800 1982.32577000 2036.84922400 1807.15778100 1279.99885700 547.86562200 199.00414700 153.29565400 157.12901200 88.10439200
4.97733000 176.36518400 77.07840800 175.02480700 758.91255500 1628.91474200 1909.22624200 2076.09651500 2739.39089500 2708.01866700 3408.95767700 3449.48333000 4685.37641300 4331.21748300 3336.98542200 3696.85720300 3883.47699500 3918.88272900 3309.31265000 4116.47624400 4169.34103500 2918.85473700 2917.25638900 1736.98582300 1515.77379100 1481.61026600 731.21982000 165.85130500 115.30942900 104.81143200 101.35646000
40.02893300 204.09171200 238.28508300 238.56936000 1100.76150900 1197.83704200 2494.79319000 2503.61412800 3169.05857000 3590.26007800 5906.21222100 3828.79899200 3588.74557300 3813.27685100 4367.69727100 4886.68950500 3419.20066300 5106.04582300 4798.16716300 3784.35240000 3799.36256900 4238.77313100 4178.44989000 3108.83962300 1400.72360100 1730.63460400 925.48555600 278.19379400 108.75487900 151.11922200 157.53216600
172.34305300 4.97733000 207.95757800 307.11632800 1093.22714000 1361.99616400 2042.68421100 2531.72730500 3928.89851300 3161.00651300 4491.35616800 5089.44561000 4523.80221300 3698.53390900 2745.76432600 3613.53289400 3985.85356900 4824.26232100 3625.05723800 3825.13191400 4418.76566100 4290.64274400 4098.31691000 2808.16893400 1689.14182900 1533.09466900 1368.16896900 382.70131800 126.33975200 4.97733000 28.38926900
225.19155400 104.58206500 168.67123500 382.24109900 1462.94577700 2134.32823400 3093.55406500 2945.08111000 3254.34924600 3745.82367000 4583.65620200 3584.70211800 4160.78937300 3707.34990100 3152.73625400 5302.09275100 5092.11009300 3007.34134500 4317.41609400 3441.48805300 5610.97004100 4247.43688000 3367.80116000 2392.10531800 2317.82898400 1616.95469800 1284.81126100 424.40878800 175.06975300 332.25334000 148.35237000
84.95325300 218.63265300 103.15651900 490.99568900 1445.99165700 2315.81946600 3188.98050000 3085.80721700 4619.27113700 3524.62417000 4785.83915400 5079.78343100 3067.01588100 3861.06697900 2732.45024700 3009.67966500 4251.77418900 4241.58296400 3955.49219900 4290.82695800 3635.50351700 3535.63071500 3083.85529000 3569.66402800 5618.00337900 2442.76379600 1755.06609100 272.26567900 122.39090600 83.47668500 239.26747400
131.79786100 218.29279700 4.97733000 370.28799500 1830.61702000 3153.10219100 2836.69861900 4949.01970000 4623.09662200 3663.01086600 4714.19969700 2936.24100800 3725.34158500 4204.58608100 3444.82510700 2910.13287200 4157.92460600 3490.94841100 3382.91321400 3600.11401600 3007.03848100 4256.20448600 3613.26463900 2157.01354900 2841.58992400 2163.43813700 1524.85332400 289.39004600 248.55774600 143.54699100 227.72112600
4.97733000 231.11769900 83.07465200 332.51962900 1563.60946700 3061.02351900 3230.94711200 3388.63502700 3166.88920000 4248.61435000 2378.89405300 3819.98498100 3685.09824300 2148.65929900 3156.15732300 3336.45745500 3170.32002900 3388.63502700 4206.87567300 2498.92127100 4078.06625200 3596.25552700 2679.03506900 4320.41190700 3037.04361600 4735.69139800 1764.35066900 365.62406800 404.40730800 4.97733000 4.97733000
164.07501700 165.66031200 74.95218900 812.90455400 1092.48054600 4159.47516300 3100.82996600 3729.95399400 3398.21667500 4923.84229500 3629.73278600 3755.33094900 2722.58106200 3008.07244100 1794.84368000 3593.59449900 2070.35779000 3374.87947500 2508.99867800 3216.36861500 3454.58167300 3498.77166400 4087.26882200 3653.91517500 4626.17172300 2255.95122200 1713.35161500 487.45827300 239.89651000 261.38449100 4.97733000
486.90373800 370.33685800 124.05452900 382.54247400 3794.32219000 3251.72820100 3474.73723300 4144.87517400 2681.03523300 1555.32216800 2988.44727000 2279.15310600 5393.20599900 3568.27932000 2618.07625500 3214.67449800 3051.63443100 3859.71333100 2183.50856000 2763.11683800 3787.96190700 2709.48776000 1821.71583000 2887.32396300 2649.61846500 2956.65697300 1360.45393100 547.58594800 4.97733000 4.97733000 4.97733000
233.39213300 4.97733000 4.97733000 372.86477000 2063.07568000 2317.29977300 3567.94467500 3121.51516800 2151.74320000 2857.54334600 1116.11255200 1973.25276400 3609.76341300 1944.41753100 2741.66705100 2741.66705100 2281.66915100 2516.27359800 3627.98430400 2432.87581500 2126.09351200 2546.88466200 3046.99747100 1609.02560000 2847.95066600 1727.03936600 1346.93333000 174.96695100 60.63527300 4.97733000 65.09615200
4.97733000 674.59789900 4.97733000 428.37610300 1377.01656000 2471.64300300 3415.59709200 2325.89441400 2027.11664600 3595.68997300 2227.38539900 2940.29923700 2309.55111500 1903.39513600 2298.42058900 3646.35593600 2930.70059000 2493.03088200 2743.53571300 3500.17867400 2427.94068300 2074.79490100 2900.71187400 2569.85732100 1723.04719500 2122.23004700 1320.87299300 361.34509600 211.99741700 122.59397200 4.97733000
345.74347900 4.97733000 130.68680100 80.62389500 708.10547800 1494.36138000 1468.81240100 1546.18906400 862.95142200 1457.93613300 1161.09091500 1697.99019500 2197.72289200 3054.55588100 1882.68679200 1662.76062100 2777.10077000 1790.14512200 1929.88704200 3619.27118800 1249.23107100 3333.41926100 3675.84038200 1249.23107100 2307.17448600 4446.30791400 1651.48228300 4.97733000 170.35324300 4.97733000 139.58149200
308.69070600 4.97733000 4.97733000 739.56877100 560.00511100 880.16964100 980.19170800 1677.63443600 1275.26279400 2818.11374300 2093.46132800 1063.46856100 827.69472100 1773.52393300 2360.66057400 1943.27460300 2612.94714100 2018.63504700 2593.74306100 2811.83433700 1677.63443600 1981.02138800 1513.78843100 2196.17932800 2859.20996300 1714.02276300 501.58030300 818.07744800 372.51482700 4.97733000 4.97733000
4.97733000 1440.52836500 4.97733000 154.61461700 580.82688900 580.82688900 1350.47720400 526.50881300 2546.45875700 1230.08191000 2103.11486900 1275.19403400 1714.95966100 3451.51960400 1501.41103500 1771.83117600 3193.24799000 1879.60590900 1178.57588300 3004.46277600 3562.51597800 1275.19403400 2991.32643500 1455.77574100 1298.09336600 2872.18680600 1682.34219800 4.97733000 4.97733000 1131.79605300 384.45192300
603.56370700 4.97733000 4.97733000 1030.19420500 2528.06015000 1220.89372300 2791.59740700 372.88279100 882.23656100 3561.04009900 1967.48553200 3589.90824100 1594.36832300 2393.53007600 1716.59447500 1627.07377600 1949.02586000 3732.60310900 2513.20255300 4.97733000 3145.23033500 3145.23033500 1413.05205100 2660.75564200 1382.20137400 4.97733000 4.97733000 372.88279100 383.52211100 1148.58045400 748.66672200
2360.86196500 981.28321200 4.97733000 4.97733000 1012.12357800 1045.43320200 1534.72664700 1929.12242200 2159.78485900 2913.86908400 1286.06839000 4761.43711700 4.97733000 2159.78485900 2606.78508200 1476.36052800 335.79591600 2324.58558200 2751.37878800 1210.57096000 1210.57096000 2669.02825300 753.66122600 4.97733000 1405.98986200 4.97733000 4.97733000 1045.43320200 4.97733000 475.97144700 4.97733000
4.97733000 2942.59938800 4.97733000 1057.56829500 1850.15662600 2591.90111600 3184.59284100 1850.15662600 1628.86617500 3184.59284100 2591.90111600 722.20498200 1057.56829500 5266.45792300 1959.28620200 2040.45908000 1057.56829500 4.97733000 1567.81967900 3602.28568500 4.97733000 1591.59518900 4.97733000 4.97733000 3602.28568500 4490.14067600 4.97733000 4.97733000 1591.59518900 4.97733000 4490.14067600
4.97733000 7423.79499900 2297.99522700 4.97733000 3183.44207600 4.97733000 4.97733000 4.97733000 4.97733000 1820.95328500 2663.26507600 4.97733000 4.97733000 4549.63304500 4.97733000 4.97733000 2109.88246000 1321.09613600 4.97733000 2663.26507600 4.97733000 4.97733000 3977.19628900 6564.32354500 1523.88642000 1820.95328500 4.97733000 1173.63517000 4.97733000 6829.09413300 4.97733000
4.97733000 4.97733000 5295.67431500 1732.86520400 1186.45939600 4.97733000 1992.72002500 1732.86520400 1732.86520400 4.97733000 6318.21990800 2368.04027200 5295.67431500 3234.77120500 4.97733000 0.00000000 8000.00000000 937.26909400 4.97733000 4.97733000 1186.45939600 4.97733000 4.97733000 2368.04027200 4.97733000 8000.00000000 3234.77120500 7813.56531000 4.97733000 4.97733000 7813.56531000
5153.02984900 4.97733000 5153.02984900 4.97733000 4.97733000 0.00000000 4.97733000 0.00000000 7498.53605300 0.00000000 4.97733000 4.97733000 7498.53605300 4.97733000 4.97733000 5153.02984900 4.97733000 4.97733000 7498.53605300 0.00000000 8000.00000000 0.00000000 4.97733000 6503.71759000 4.97733000 4.97733000 4.97733000 0.00000000 4.97733000 5153.02984900 0.00000000
0.00000000 4.97733000 0.00000000 0.00000000 6752.57807900 6752.57807900 0.00000000 4.97733000 0.00000000 0.00000000 0.00000000 0.00000000 0.00000000 0.00000000 0.00000000 0.00000000 0.00000000 4.97733000 0.00000000 0.00000000 0.00000000 0.00000000 0.00000000 0.00000000 0.00000000 0.00000000 0.00000000 4.97733000 0.00000000 0.00000000 0.00000000
0.00000000 0.00000000 0.00000000 0.00000000 0.00000000 0.00000000 0.00000000 0.00000000 0.00000000 0.00000000 0.00000000 0.00000000 0.00000000 0.00000000 0.00000000 0.00000000 0.00000000 0.00000000 0.00000000 0.00000000 0.00000000 0.00000000 0.00000000 0.00000000 0.00000000 0.00000000 0.00000000 0.00000000 0.00000000 0.00000000 0.00000000
