75.94422300 111.35660100 56.23122600 4.97733000 248.58253500 265.70698200 459.98575100 719.34485500 2313.84914900 2105.38711100 1779.37143200 2594.27582900 1463.03029200 1386.93961900 1591.05706100 1865.27630700 1565.80295900 1363.19037600 3409.32281000 2140.79909800 874.39581700 1997.42302700 2447.83472000 1410.52755400 681.85017700 4.97733000 4.97733000 81.03348900 4.97733000 4.97733000 4.97733000
4.97733000 122.07819600 4.97733000 65.01467100 306.73909500 101.45971800 592.65302300 1733.29323300 1336.09110500 1364.89059800 1810.69573000 2334.38374400 1797.25388000 3540.61485600 2608.34887000 3611.76043900 1942.82728200 1233.35891600 1604.28638100 3055.33526400 1416.14879900 2007.41535400 1762.48891400 1124.89560200 646.67946100 75.65252400 94.89896900 4.97733000 4.97733000 151.70201200 518.93821400
4.97733000 59.16005300 4.97733000 87.55144900 61.58099000 4.97733000 513.81879800 1493.67251100 1445.19684800 1923.09321400 2317.66096800 4385.57694600 1764.40765000 1923.09321400 2660.54921100 1928.28533800 2640.09557900 1817.94891300 1298.44765700 2344.87984700 1195.76163100 1737.38285900 1064.89739100 1278.15175100 783.91509000 152.12998400 35.89916400 4.97733000 146.45949600 308.08398500 4.97733000
29.20503400 146.77372300 307.17836400 4.97733000 267.65759100 337.62781000 653.05904000 2178.79111400 2148.83014700 2497.01525100 1365.85381300 1737.63124300 1668.06517300 3181.14988500 1230.09626600 1895.78235700 1573.49555900 1529.78336600 2186.25271800 1787.18790100 2329.14693500 1939.96670600 2315.03999400 1440.90602800 817.53851000 141.86437500 39.00824200 162.65709200 135.65731800 4.97733000 4.97733000
221.58124800 4.97733000 4.97733000 4.97733000 115.51343600 109.16556300 991.93241700 895.18005400 1276.29978700 2162.28180500 2278.91028300 3027.69141400 2112.35383200 1450.36985100 3739.32537700 2134.88345500 2748.89366400 2007.01171200 1413.15525800 1781.34018000 1440.97235700 2782.14056400 1312.92408100 1774.60974300 2055.57561700 509.94217400 120.68682900 155.99033600 4.97733000 136.20287200 4.97733000
63.98825000 4.97733000 4.97733000 60.22961700 4.97733000 109.10194200 1585.68035800 1760.38762800 1932.14287900 1564.91719600 2276.25701400 2465.55178200 2252.84714800 2354.24598500 3011.06901200 2284.03719000 3470.49261800 3868.07573300 1688.06905600 1728.38589000 1872.12327500 1664.38576500 1575.31102500 1317.00511000 1606.34635000 192.70690000 113.35190900 66.09355300 304.29904300 127.83869900 79.86431800
232.71201500 47.49716800 120.22168500 77.57797700 289.37827400 457.58083900 853.29982900 1902.22151400 2498.36071700 1721.72052300 1617.59889000 1805.27789700 2935.15638200 2784.73094700 2328.92104900 2266.61929600 2679.89543400 2869.81917000 1605.36171000 1579.42032600 2308.23309400 1598.54921400 1760.57147500 1764.43937400 1765.95805800 319.54418600 106.50510600 24.87829000 258.05676800 192.24901000 68.09018900
4.97733000 4.97733000 143.75705300 189.72427000 4.97733000 449.04403200 2073.94643900 2127.98554800 2831.77656300 2107.03452600 1915.35579200 1435.87863300 6123.26569500 3272.94311600 2970.50239000 3187.21951600 2708.47217100 3132.62703400 4054.60787100 2303.58091200 2801.18938000 1932.69037600 2593.13418900 2392.00256200 1315.40762900 538.27966200 151.88870400 4.97733000 4.97733000 220.70379000 93.58681400
4.97733000 132.30298600 47.51907900 93.00538400 28.74975000 218.41460300 1045.14698400 1757.51496500 2218.25555100 2240.69131900 2620.85296700 1965.36264200 3383.54276500 3403.60547400 3694.45939800 3628.50621700 1749.35519500 2842.41454900 2058.65954500 4599.01325600 1799.74127200 2429.75103800 3011.02917100 1673.55560300 1447.92321300 640.83405900 4.97733000 246.57260000 4.97733000 48.69338800 4.97733000
143.28366300 67.04832500 4.97733000 111.11972300 214.08522100 696.27248700 1953.46686200 1245.98745200 1502.89658700 1983.27069100 2045.27111100 3918.88272900 3756.37099500 4639.82360300 3407.75174400 4193.86522200 3107.77860500 3025.34591700 2941.82606200 5140.73806700 5847.92606500 2553.20262900 2097.11856100 2468.23530800 1534.30624600 867.86077500 82.52059600 4.97733000 146.19982900 109.69769700 573.61390600
518.89862700 158.41536600 4.97733000 4.97733000 401.02048600 1659.45946600 1781.29922400 1695.27010300 1499.94357400 2906.75106300 3007.98712600 3872.94706100 2571.05622700 4226.27626900 5286.02549000 2838.36503500 3499.53300900 4332.62713900 3302.53884100 2341.25116300 2974.41795600 2781.86531000 2803.89672100 1512.21603100 1432.32106900 1209.33029300 221.45165200 4.97733000 231.56163000 172.50752900 275.31535700
186.87950700 276.67761400 93.57640100 410.38787400 81.14662900 1436.18931100 1837.61328800 1997.09201100 3969.63051500 2220.02169000 5407.77321200 4735.56941000 5631.64560600 5024.23868400 4286.77319400 2766.99424400 3204.42992500 4607.81684700 6258.64162200 3434.28119600 4208.90185200 4564.67126500 3887.91506400 3550.62168100 1153.97276400 1047.34613600 271.37831800 207.18438400 4.97733000 71.79294600 4.97733000
44.24396300 381.83501200 4.97733000 532.86971500 194.59921100 3237.64183500 1916.17065700 2536.02364200 2770.20437300 3822.11768200 3684.15974100 2917.50390200 6601.49511900 3356.26628700 8000.00000000 4089.81109300 2254.45039400 4251.83225700 4133.40344300 2770.20437300 7458.93943500 3085.39048600 2605.75271400 1394.71897100 1853.54916200 1270.31647400 481.15744200 234.83042300 65.05576000 4.97733000 4.97733000
241.07176000 4.97733000 268.32727300 94.41043000 552.36581900 1275.63727700 1994.41714900 3868.98615200 3781.36323300 4720.49283200 4314.14938200 3781.36323300 3881.41192200 6128.54297600 4764.12972400 7239.62769100 5517.36752400 6321.24696500 4610.10970400 8000.00000000 4505.38487000 6928.38769400 2948.93204700 3912.37723200 1388.50553700 2082.96395700 811.00068300 205.85974800 169.94825700 4.97733000 4.97733000
265.16323300 189.32264700 4.97733000 141.69210100 1032.36220000 1643.85275400 3207.86246300 3021.60646400 6185.79195800 4101.89696700 4141.63109000 2895.40482600 8000.00000000 3254.73073000 3296.64708400 5223.53103500 8000.00000000 4815.19630400 4187.69433700 3443.27502900 5460.81362500 3177.87417400 8000.00000000 2055.43024000 3296.64708400 3301.28907300 756.07537000 305.90790200 4.97733000 135.58360800 4.97733000
4.97733000 237.29032500 4.97733000 326.32338800 1071.82620300 2350.84707900 6520.22056200 8000.00000000 7877.66900000 8000.00000000 4920.85387400 5041.40943300 4480.36451800 2811.88249600 4146.79969600 4214.84576400 2500.51153200 4298.95283600 3723.70027100 3853.37230200 6083.55774200 4842.14476000 3319.67987700 2915.94382200 3885.41568900 3558.15508400 1094.03683800 237.29032500 268.65086900 160.73082000 255.71203000
500.38225700 384.03497700 4.97733000 417.69254400 1802.94682400 7694.04891700 4417.33915600 2747.89170900 6426.45314500 4250.28442000 5958.15287400 4079.01529600 4417.33915600 4067.44370200 3903.37470000 5664.09242500 8000.00000000 3538.31196200 5664.09242500 7756.15110400 7027.40880800 5029.64148200 3454.58167300 5724.07359700 5842.26531400 2416.53277200 741.07962500 99.72657200 467.03005300 548.37450500 224.03074100
823.57629400 585.94500300 454.77876200 580.00816600 909.88957900 1914.08407400 3568.27932000 4792.74675600 7473.68870700 3466.17368000 5428.44413900 6422.35987100 5193.10403100 3678.96035400 5286.26299600 2028.13218200 3097.26182400 4219.15000900 4178.67943700 3341.73968300 6130.46097500 4522.93574000 4441.43667300 4464.82384400 4603.44763900 2878.06483800 810.39695900 305.14735700 4.97733000 144.44730200 580.00816600
4.97733000 585.95965300 636.44999900 4.97733000 520.10713100 3510.05302500 8000.00000000 6755.49005700 4117.82492400 5768.76730800 4393.03801800 5945.72993400 5217.86004200 3430.37337000 7257.03036600 2933.87133600 4044.63925400 5492.89957800 4393.03801800 3148.43582000 7118.67594300 5798.63793700 5356.92934800 8000.00000000 6755.49005700 3121.51516800 509.01210400 174.96695100 135.17331100 486.70481500 4.97733000
4.97733000 4.97733000 4.97733000 4.97733000 439.30677700 4366.23746100 4181.39693600 5587.55402100 4651.80424400 3943.17172200 3389.51466900 3980.76407500 3042.17806000 6066.58862400 5543.58166900 2364.99646800 2027.11664600 4274.44301300 5364.36728100 3595.68997300 5057.93461100 3696.67575900 8000.00000000 3415.59709200 8000.00000000 2410.10447300 1676.60349700 442.86930600 4.97733000 208.16815900 575.09601200
173.84179700 4.97733000 327.91323400 439.38124400 121.85755500 5613.68975200 3849.40768900 5369.37781700 3405.34823500 3640.33292100 8000.00000000 2536.85455800 1546.18906400 2105.83304700 3849.40768900 3269.93138500 5630.75591800 4169.96768900 8000.00000000 3979.38076700 3582.26953400 2870.61245900 2464.39958100 3783.53016200 3162.96837000 2567.72842600 831.25935300 4.97733000 651.90998000 4.97733000 964.55507800
577.46806200 4.97733000 235.33803700 915.67940200 4.97733000 1281.58429600 3695.38260000 2831.55435200 2531.05040800 1899.97296100 2880.65875100 1849.79502200 2093.46132800 2314.70543900 2911.76157600 1309.26290800 3325.57403800 3805.04653300 3848.45568600 3379.50398900 2121.38282100 3050.32794300 2923.39600200 3746.76275800 2923.39600200 3106.12783500 162.92601900 4.97733000 514.71216000 258.49264100 623.07913100
829.59003800 4.97733000 2251.95855300 356.08242300 4.97733000 2628.98195200 2872.18680600 1784.56150100 774.61622800 3108.82415600 2251.95855300 2504.92574600 6515.97912400 2160.06450000 2522.74773200 2036.29239000 2463.21232200 4137.61383800 1216.72342000 1381.71862400 3815.32245500 2090.61683400 2872.18680600 2251.95855300 847.10424900 1317.90733600 652.11223800 791.93511800 4.97733000 251.21275400 471.21310600
1195.62884100 1236.66021500 4.97733000 1359.01798200 4.97733000 1382.20137400 2739.48412100 5074.50816100 3941.55577200 2276.77748300 2146.83788400 4341.60348100 4532.98801200 2348.28324000 2447.56077500 2489.80919800 3022.40261200 2180.67644700 3517.53107900 407.53609000 5570.59538600 2739.48412100 407.53609000 3941.55577200 2010.44496000 1837.66350100 862.34075000 4.97733000 1382.20137400 261.52895500 513.97510600
4.97733000 4.97733000 4.97733000 4.97733000 1210.57096000 3033.79100300 3307.09714200 3826.52331100 0.00000000 2159.78485900 2606.78508200 3383.51111400 1534.72664700 8000.00000000 4761.43711700 1693.93729800 4121.14796000 6890.65060500 1788.54130500 2159.78485900 2606.78508200 8000.00000000 4.97733000 1405.98986200 2459.96379800 3033.79100300 1210.57096000 4.97733000 4.97733000 1210.57096000 528.80665300
2591.90111600 4.97733000 4.97733000 2040.45908000 4490.14067600 1850.15662600 4.97733000 849.97343400 2591.90111600 4.97733000 6542.85789000 779.37528500 0.00000000 3911.45939200 3279.39756200 2280.43660600 2040.45908000 4.97733000 4490.14067600 3602.28568500 1057.56829500 1460.27046600 5266.45792300 849.97343400 1460.27046600 2280.43660600 4.97733000 8000.00000000 1460.27046600 5266.45792300 7955.04633700
4.97733000 3183.44207600 1321.09613600 4.97733000 1820.95328500 1321.09613600 0.00000000 8000.00000000 3183.44207600 3183.44207600 8000.00000000 4.97733000 4.97733000 1173.63517000 4.97733000 4.97733000 2297.99522700 8000.00000000 5314.37669200 1321.09613600 3183.44207600 8000.00000000 3183.44207600 901.15167100 1820.95328500 4.97733000 4.97733000 4.97733000 4341.18776800 8000.00000000 4341.18776800
0.00000000 4.97733000 4005.35695100 4005.35695100 0.00000000 0.00000000 4005.35695100 4.97733000 4.97733000 0.00000000 4.97733000 4005.35695100 4.97733000 1732.86520400 0.00000000 4.97733000 2368.04027200 4.97733000 2956.92788600 0.00000000 4005.35695100 8000.00000000 7813.56531000 4005.35695100 0.00000000 4.97733000 6318.21990800 5295.67431500 2368.04027200 4.97733000 4.97733000
4.97733000 0.00000000 0.00000000 4.97733000 4.97733000 7498.53605300 5153.02984900 0.00000000 0.00000000 4.97733000 5153.02984900 4.97733000 7498.53605300 0.00000000 5153.02984900 2430.63013900 4.97733000 3244.28526800 0.00000000 0.00000000 0.00000000 4.97733000 4.97733000 0.00000000 4.97733000 0.00000000 0.00000000 4.97733000 0.00000000 0.00000000 0.00000000
0.00000000 0.00000000 0.00000000 0.00000000 6752.57807900 4.97733000 0.00000000 0.00000000 0.00000000 0.00000000 0.00000000 0.00000000 0.00000000 0.00000000 0.00000000 0.00000000 0.00000000 0.00000000 4.97733000 0.00000000 0.00000000 0.00000000 4.97733000 0.00000000 0.00000000 0.00000000 0.00000000 0.00000000 0.00000000 0.00000000 0.00000000
0.00000000 0.00000000 0.00000000 0.00000000 0.00000000 0.00000000 0.00000000 0.00000000 0.00000000 0.00000000 0.00000000 0.00000000 0.00000000 0.00000000 0.00000000 0.00000000 0.00000000 0.00000000 0.00000000 0.00000000 0.00000000 0.00000000 0.00000000 0.00000000 0.00000000 0.00000000 0.00000000 0.00000000 0.00000000 0.00000000 0.00000000
