21.59469100 42.35594100 83.19503400 32.43324200 108.74081100 28.89745300 47.72435300 28.51029200 4.97733000 6.70954200 27.62384200 70.61902100 4.97733000 44.15808500 70.65487500 98.29126200 34.10233800 18.56093700 72.16081800 16.12721100 4.97733000
4.97733000 92.21604300 43.35942800 80.98679400 14.27989600 109.67527200 12.73684900 68.73400600 91.02161400 18.03219600 4.97733000 4.97733000 74.70491500 4.97733000 4.97733000 65.47212800 77.48761000 4.97733000 25.49914500 4.97733000 65.60935400
74.89778700 90.78703600 98.84807200 69.05599800 4.97733000 4.97733000 57.05479400 55.11489100 48.57902100 47.10824000 82.19608400 89.82782200 57.62879100 24.78175800 6.45235900 35.77243200 44.96285900 8.28525700 25.27084100 49.51938800 54.80465100
65.02315500 10.25851300 4.97733000 4.97733000 4.97733000 4.97733000 39.40325200 36.66049800 78.52401100 38.29339800 34.68955300 35.50729200 38.56980000 29.85684800 27.22015600 71.52108500 72.39017000 54.48898300 50.35332400 14.15545500 4.97733000
59.51552500 13.24807300 47.32521300 70.51004800 10.87087800 33.84009500 77.52294200 81.07797500 70.84546200 49.36338100 57.68722400 49.81403400 49.92056400 47.13204500 97.53981700 16.73831400 80.92546900 31.60849200 62.69049200 26.39220400 8.17221500
95.32912200 69.36584400 73.59995800 24.68768700 4.97733000 48.15939200 37.82764300 29.77767200 30.04133600 4.97733000 66.87194300 58.74963000 87.16372300 58.81250500 89.91233200 73.81046100 41.10875200 24.86805300 89.51800400 24.74039300 53.51137600
25.81947600 85.67969600 26.94646500 62.51719300 56.05007000 10.93485900 31.37566600 23.93087100 102.71167100 57.52941000 159.70273300 121.81093800 84.60634400 97.18023800 79.79819000 62.14268400 14.36458200 33.39394800 34.89052600 4.97733000 29.23150300
54.70777400 31.07316500 71.49712400 29.03546000 54.70084900 16.95088200 32.22886400 258.25462600 453.66387600 333.06627400 378.13922000 417.48115200 370.62171500 219.83167500 55.69012200 4.97733000 37.29758800 4.97733000 80.60332000 77.45276200 61.60378800
6.67789600 35.64691300 72.27301900 4.97733000 59.11079200 185.98435400 540.11143300 639.06655100 510.23804700 486.68789000 415.86365800 373.00475500 499.53889600 561.81873900 525.15775400 211.80506800 79.95115000 93.03600300 31.33118500 65.00200100 26.98586000
41.29850400 121.56338600 39.75157300 84.73092200 215.31576300 645.83067700 524.67681800 552.05453900 529.32744700 461.65215100 523.55283100 425.55531600 439.57990200 560.73254400 527.54937900 569.87224500 153.07705200 57.64792500 66.64237200 41.07799500 141.80249100
95.91584800 103.56638500 93.33582600 54.58062000 322.19427500 750.18344700 578.26201200 651.34444300 605.88704200 598.36523800 598.81617800 694.11080600 577.70250100 545.59822300 597.24231300 659.31125700 245.01917900 151.59428300 109.82014600 96.41346900 74.67187000
70.25050300 72.29736700 29.72809300 95.44304800 558.61197600 610.05191600 706.72339200 894.87521100 892.65396500 853.96220400 1005.37493100 997.59278100 1008.92524000 915.46029900 903.28218800 714.22799200 464.89513100 40.46161300 17.95847000 57.69512600 70.32319800
86.00229400 50.46801800 45.55954800 84.94040000 533.08256300 1059.83935700 1134.88551800 1358.89693700 959.39703400 963.33046200 1175.45068300 1246.36107000 1251.92747600 1159.32182200 1036.58420600 977.43976800 507.99879200 125.28525400 121.05431900 128.53240900 120.17912100
61.10317000 91.89591700 33.01692900 132.66188800 562.76325200 1732.54438800 1486.60806800 1285.16058200 1383.90759100 1007.77415300 1188.62264800 1165.73217600 1176.08927300 1215.74823400 1545.25949500 1687.33472400 703.46807200 60.63040200 101.32277900 24.96927600 75.71281100
65.48523400 122.80577800 88.57255200 106.26472700 823.68279900 1436.69156900 1922.56274600 2144.03507300 1498.72751500 1650.31843000 1348.32210700 1524.30562900 1446.17466400 1225.65580700 1731.27135600 1686.56413400 797.80090700 27.54043900 73.97124800 64.32012100 68.78293700
89.99131400 120.94246500 59.99240100 172.23015700 1008.65403600 1744.91447100 1814.96206400 2155.54038200 2038.97291500 2280.54861400 2119.58546900 2607.61880600 2531.04420900 1603.42196800 2120.91426000 1882.95806200 1341.30324800 250.00756200 61.34257000 131.81347200 80.59997700
53.63414500 117.61644600 118.63441000 223.31445300 1407.78924200 1775.28952700 2156.48078100 2325.83903600 2154.11889100 2598.91411400 2613.05972500 2132.58942500 2486.33835900 2329.25873500 1750.38661900 1549.50060600 1202.84632000 257.31736800 122.65519000 126.95369300 168.15916300
150.25118700 159.54247900 127.56586100 373.66287400 1801.58170300 1988.38452100 2017.34406600 1859.03716400 2443.42767500 2167.52655300 2375.71545000 1974.74603600 2155.10922000 1669.04960500 2127.75153100 2044.95057600 1415.07836700 403.52598300 123.72801000 53.92215800 72.67894800
83.85440600 123.67143500 168.68963900 557.67715500 1814.63809700 2381.63741200 1635.57083100 2194.94358500 2140.51039300 2788.29875100 2550.78108400 2164.71477100 2700.45004900 2778.39202200 2833.33851600 2430.68190800 1600.40668700 592.93026900 96.16007300 79.21832700 22.95584300
76.15320900 67.82759500 195.81707400 566.82745000 1804.50296700 2252.72247500 2458.27184500 2717.21187800 2771.08031500 2255.79789400 2223.99970800 2802.70805200 2594.30404000 2361.35939700 2130.38570300 2021.18961300 1850.31349200 945.41480700 150.32870300 37.49276700 4.97733000
134.33225000 159.70129500 231.12715500 1162.55996100 1495.86493800 1519.38305400 2322.76698200 2425.66111200 2045.39772200 2132.34494600 2544.40296000 2622.08012300 2158.14205700 2489.74792300 2599.18379700 2081.10253100 2134.70266400 1082.46175900 211.33420000 102.10632100 146.17525100
197.83443200 174.53010100 304.21866000 1269.95160700 2087.26087100 1837.58068400 2433.90752800 2784.73094700 2365.77227500 2197.66943400 2837.64448500 3237.51095600 2325.16543800 2200.57022200 3426.35848100 1907.01939000 2109.52412400 1262.30251400 220.97301900 119.67617100 56.99092300
267.80725600 78.33301400 381.23715800 1549.47991700 2029.50932800 2609.64049200 3544.82208100 2578.65268600 3076.20384900 2120.60031700 3597.54628100 3105.28645400 2935.95279300 2689.15783600 2273.22015700 1891.62413300 2252.03119000 1488.57869800 492.33797000 73.99407700 239.05312300
223.58167900 286.46712900 547.86562200 1544.25468200 2002.68112800 2183.96391700 2203.41984700 2498.63460000 1877.27492200 3142.75851600 3207.34889200 3067.82631600 3005.21062600 2619.19939100 1827.08202600 2763.00057100 2573.54671100 1490.16379600 521.58079900 143.71877300 170.46655500
193.18064200 309.47896900 595.92241200 1788.58617800 2222.29198900 2486.54276400 2677.07953500 3085.72424400 2198.22457800 3051.32261400 3094.55517200 3227.09604100 2160.11687800 2647.77159300 1995.57778600 2692.49179500 2828.71488300 2258.34528800 683.35364400 274.85067000 179.45150500
262.34132900 214.78059300 897.06568800 1178.78948600 2164.23585400 1864.53277100 1879.93735600 3458.45112400 2776.18779800 4146.18818300 4395.25212800 3199.33096600 3819.42185800 3795.49225800 2785.10733800 2700.39536900 1900.69725800 2039.28117300 826.87905000 93.07752800 169.94413000
4.97733000 232.56436300 907.88546400 1398.42598700 2915.76212000 2627.14092300 3221.58023000 2219.41855900 3153.20593900 4798.51835600 4357.99468800 4098.31691000 4969.44050600 3341.95337300 2780.53319300 2546.46684200 2935.68942800 1659.43579700 928.83658900 356.23163100 133.02450200
318.28176900 219.48742200 830.78888400 1665.31478000 2635.27076300 1635.84176500 2885.04734800 4265.00097600 3677.82128400 4456.98824500 4772.31324700 5231.33400000 4801.00612100 4755.03661300 2217.47688100 2267.84396300 1818.62097800 1814.52581000 1143.06339600 150.90486100 73.37203900
238.50175600 256.81527900 1626.61881900 2399.74976400 2032.34570400 2090.48358000 6987.34744400 4839.79796600 4203.67949200 3904.74013300 4431.07623700 3964.53414100 5369.08079300 2786.69322000 3143.23061000 3083.85529000 2002.23099300 2006.13452300 1260.48079000 361.88369000 377.29086800
64.83599900 280.64555800 1122.01569700 1740.94559600 2324.38395900 3879.87062700 2975.08343300 5233.85639900 3827.99110300 4437.02272000 5167.30762000 3819.83522600 7111.58066200 5374.70274500 5465.12405400 3472.58670400 2359.78525900 2082.03315900 1561.71137100 528.42453500 87.28329000
4.97733000 289.72136700 1527.39724100 1953.90046700 2971.23886700 3877.79975000 3502.09746400 4291.78458700 5209.13509200 4295.60860300 5389.92716700 3863.44109300 4990.68134100 5773.27176800 4764.52354000 3888.54923600 2366.80831000 1815.78370100 2221.33113300 449.40915500 148.52708400
342.45086300 488.63554500 1746.47138100 3753.54961000 3091.05386200 4003.00097500 4128.93499200 4756.83655400 4972.89008200 3873.66481200 4193.67058200 3404.87068100 3813.86393200 4763.16619400 3991.75154400 6505.24787400 3679.61121800 2967.04457000 1340.30927400 720.79292600 200.02557000
139.01134700 871.66770900 1737.71015800 3268.73086600 2588.27444500 3974.77511300 4358.93348400 2140.64018300 7214.73121700 5107.19134000 3608.00322100 5025.93468700 3116.53020500 4915.94963600 3859.71333100 8000.00000000 4931.18537400 4902.06747000 3021.86118100 494.26584000 4.97733000
540.89367500 798.94013900 3224.64704800 4690.00229400 2544.78750700 3315.05169600 5003.23000700 4815.22177000 5835.76233400 3987.81568600 2659.34680000 3213.66324200 4422.03572700 3407.45036100 3349.83423500 5059.58452000 3536.42373500 2702.66881400 2726.09024400 786.02651000 61.22168300
4.97733000 1319.54457600 1918.94874400 4274.44301300 2735.97624600 3850.04858200 6375.57423500 2423.32772400 2479.05245200 2027.11664600 3105.66496400 5521.47227100 6873.85860100 3595.68997300 5318.71550600 4729.15338800 4274.44301300 2127.79469500 4772.94219000 1095.90945300 315.99157800
4.97733000 249.61931100 4064.72697200 1995.60080000 4064.72697200 3979.38076700 4132.26420400 3550.81715900 2655.35134400 4049.28628400 3162.96837000 2944.68085200 1494.36138000 2443.59109400 4056.23883300 3550.81715900 2254.17011400 3359.31683300 4388.62615400 1139.70789000 315.27931000
4.97733000 4.97733000 4174.14302900 4186.53053100 2637.37365900 2531.05040800 4778.38488600 2723.44666300 1981.02138800 1766.97659300 3772.31901800 1694.70578900 1813.49546300 3325.57403800 3465.84150600 2299.06422100 4834.70908300 2093.46132800 1943.27460300 295.29817300 4.97733000
335.12583100 4.97733000 1704.77600700 3451.51960400 2504.92574600 2651.36235200 1098.27483800 2123.08167400 1992.63924000 3602.48155400 2103.11486900 2002.72825100 613.86936700 1021.02135300 1167.79581800 3041.88349400 3262.94110400 2036.29239000 2103.11486900 763.57413100 265.33366600
1304.77134900 513.97510600 3671.78312000 3068.67335700 2447.56077500 1484.76877500 470.81007100 1837.66350100 5000.03564700 1272.76133500 1195.62884100 1195.62884100 2513.20255300 2528.06015000 3785.41060600 925.61090400 1195.62884100 1573.88640400 2410.44585700 4.97733000 1236.66021500
4.97733000 475.97144700 376.66216400 561.83104600 1746.58135600 1746.58135600 2693.81043000 1100.73053100 550.22173700 1069.16461100 825.52522800 780.44717100 4.97733000 2159.78485900 3826.52331100 3383.51111400 4.97733000 809.78184700 809.78184700 4.97733000 1476.36052800
907.14664400 674.86797700 1753.83593700 1753.83593700 3602.28568500 3279.39756200 1628.86617500 5019.18709500 939.61220900 722.20498200 634.95497200 4490.14067600 4.97733000 2591.90111600 5684.81189900 4149.15135100 4.97733000 674.86797700 7955.04633700 1289.37519600 779.37528500
4.97733000 901.15167100 3183.44207600 3977.19628900 1448.30693700 5314.37669200 7937.12927600 3534.65898700 2752.27852100 4.97733000 1448.30693700 1820.95328500 5314.37669200 791.71806800 4.97733000 3977.19628900 1523.88642000 4.97733000 4.97733000 4.97733000 4.97733000
5295.67431500 1042.61578100 4005.35695100 1732.86520400 4.97733000 4.97733000 7813.56531000 4005.35695100 4.97733000 0.00000000 4.97733000 6318.21990800 4005.35695100 4.97733000 7140.78720500 4.97733000 5295.67431500 1732.86520400 3396.32005800 4899.17028100 4.97733000
0.00000000 0.00000000 5153.02984900 0.00000000 5153.02984900 5153.02984900 6503.71759000 4.97733000 4.97733000 0.00000000 4.97733000 4.97733000 4.97733000 7498.53605300 0.00000000 3244.28526800 0.00000000 6503.71759000 8000.00000000 0.00000000 3244.28526800
0.00000000 0.00000000 0.00000000 6752.57807900 0.00000000 0.00000000 0.00000000 4.97733000 0.00000000 0.00000000 0.00000000 4.97733000 6752.57807900 0.00000000 4.97733000 0.00000000 4.97733000 0.00000000 0.00000000 0.00000000 0.00000000
0.00000000 0.00000000 0.00000000 0.00000000 0.00000000 0.00000000 0.00000000 0.00000000 0.00000000 0.00000000 0.00000000 0.00000000 0.00000000 0.00000000 0.00000000 0.00000000 0.00000000 0.00000000 0.00000000 0.00000000 0.00000000
