25.63785100 68.78967000 26.08267700 4.97733000 28.58896800 13.11153300 58.92114100 74.09522000 6.52746100 72.23974500 38.92959800 10.90133100 90.73458600 61.02085100 25.22574700 4.97733000 71.19520500 40.83359500 4.97733000 4.97733000 124.59439000
4.97733000 36.97497100 17.66354300 4.97733000 15.84941200 68.65885500 20.56609400 62.49966400 55.65272600 40.19752200 71.59654300 75.11824300 40.30095000 32.23777400 4.97733000 26.81704500 33.65043400 104.94903200 42.10212800 70.69935400 67.23066300
61.76541500 4.97733000 25.27084100 60.67724000 4.97733000 76.07616900 4.97733000 4.97733000 19.28697500 16.50930000 52.61883700 52.74493800 19.64551700 20.50533000 4.97733000 18.38041500 82.52033200 111.53307900 4.97733000 51.79150200 45.11458000
4.97733000 22.26600100 36.18677700 9.53103600 53.35505700 50.76809900 43.61442000 86.94764400 50.14029400 123.88688000 8.86836500 91.81250200 76.44392300 91.09150600 22.70240000 73.47520000 61.66306900 4.97733000 71.72467400 90.36300700 68.56186400
65.82713200 56.01903000 22.43283800 29.59536200 58.94509600 13.99775800 4.97733000 4.97733000 49.18575200 69.01849200 69.46361400 73.20016700 45.50105900 45.06234400 74.48098600 68.10547000 32.46423600 4.97733000 18.00014900 69.30481300 4.97733000
76.97924200 83.97959400 106.73634400 34.07303700 89.88894800 69.15325600 61.73551500 42.31345200 45.71331000 4.97733000 86.22431200 66.53706900 73.02864300 65.26133300 54.15008300 4.97733000 4.97733000 99.47974500 53.73544000 62.29470900 4.97733000
21.05522800 53.86630700 18.36104300 52.29463400 49.96811900 42.31181300 4.97733000 72.22980500 79.43374100 166.04926100 187.10874000 229.28016200 85.04002200 42.09540100 50.15507000 71.51631700 72.96597200 84.97316500 54.54340600 39.12061900 78.76064600
55.29688300 62.70750600 46.47524100 22.31817900 38.06469800 51.89414100 155.71080800 361.37791100 526.15967800 332.78431400 303.76080600 365.03371100 457.17191100 437.12225700 151.36469000 81.15400600 39.82534500 61.36695600 116.30403900 59.08745600 4.97733000
138.55011800 50.59171700 41.24943800 81.73391200 86.11608800 339.49201000 535.42756700 501.76330800 469.94800200 419.38825600 422.67675700 516.08698000 506.93417400 605.41424900 537.45617300 292.09103000 111.43866100 50.77659600 13.64409600 46.56456100 44.34910900
83.69098000 69.33056800 52.82360400 87.88455900 173.43949500 543.06363000 585.10888300 518.55948000 576.15206000 479.18392900 487.53320400 608.90886200 507.32444400 557.03518900 478.27944900 517.51339700 257.99680500 99.86571900 108.77497900 89.94307200 62.91145700
4.97733000 110.17060900 75.88691300 41.77438500 390.68514700 628.69370600 563.80166700 629.46337900 759.03887900 607.47404400 868.60139900 638.50039600 602.80414100 612.13152300 742.30750500 692.45026700 412.89759300 58.93383200 79.83351400 89.41212000 90.08288000
18.18321900 142.23316900 94.76758600 92.94796500 522.72419700 918.07633600 941.63396100 920.17933400 973.83500600 961.71344900 805.35683000 836.77582600 1055.13301900 1077.62314700 934.01276000 801.56588200 554.13773500 14.60977100 94.70177600 91.40713800 129.46939400
62.83770300 120.99740700 66.27963800 47.00434600 603.68237200 1364.43811100 1115.93395400 1169.82390400 1161.26424200 1123.44915000 1137.64889600 977.95047800 1119.00790200 1181.98740700 1287.64146300 1198.93063100 649.10564200 104.02085800 53.89840400 34.59995300 64.12569000
84.97214500 44.83267100 57.60140000 124.35672700 728.33211300 1430.23111700 1674.56273900 1765.06121600 1510.17139100 1529.92831900 1260.68697600 1231.76506500 1255.54004500 1506.73078100 1384.72490700 1449.42460400 850.69435800 108.62137500 162.20880600 24.23998700 9.17126200
87.80265700 72.08028700 76.17547600 157.14188500 784.71172800 1432.74876400 2266.40557200 1791.54800600 1636.80698200 1352.44143900 1716.19038400 1824.23470800 1556.64190800 2348.66229400 1962.17812300 1629.44682300 898.14523900 201.69140100 92.99870800 75.17809300 47.80430700
89.24889700 100.99457100 96.64607000 171.43964800 1304.66628900 1692.07072600 1876.61937500 1625.96877500 3018.45213800 2035.79077100 1975.50631500 2195.77835200 2435.64916900 1804.42433100 1643.63568500 2043.68957000 1387.88620700 262.76531100 69.05112800 110.69849600 87.58384900
149.90128600 70.10841700 154.66652300 399.67523400 1088.36716000 2063.33242900 1895.58069800 2223.68388900 1915.95336900 2138.84775100 2480.58802700 2083.16910900 2152.80050200 3281.98929600 1746.63627100 1692.80567400 1585.48651300 335.79066800 58.40550500 79.75221900 82.68826700
89.36785700 30.29036400 59.78305600 359.52264200 1511.18857900 1646.30322900 2643.97130200 1852.02091200 2302.47414100 2307.56365500 2024.87561700 2445.80728300 2203.52128500 2483.19303500 2020.11219600 1659.19516000 1531.37225600 433.08905100 205.54385600 87.15969300 162.76420900
126.22422500 95.86633000 36.37357400 730.89676600 1651.22866500 2260.57269300 2402.67065700 2730.20291600 1818.00372600 2238.16920000 2445.33885200 1887.35414400 2198.45255100 2160.60151000 2599.10983400 2083.99719800 1711.37645500 661.85342000 97.25057400 198.02881700 113.68926800
188.43659400 83.58273500 200.77806800 834.42712100 2008.62493400 1927.43791200 2171.90411300 2650.69039200 2478.59211500 2713.76877000 2722.50478200 2535.41396500 1837.48728100 2584.49543200 2196.32018300 2195.77592800 1852.93283100 906.24681700 101.92632300 115.86141900 147.67394800
84.31639000 163.62519000 121.97597400 1062.24716400 1743.66848200 1872.51993400 3029.65009400 2437.29599200 1977.06856500 2356.42513500 2290.64957300 1992.42389500 2431.62711400 2027.26804700 2227.68763700 3245.19295800 1694.69707500 1289.57076100 177.08749300 211.33420000 59.46084300
165.07117500 32.12853400 315.11524200 1407.48046700 2063.57116000 2139.80783600 2313.20537400 2514.76827900 2141.51870600 2201.24147200 2261.39403900 2683.50677000 2249.39067900 2837.23928100 2344.38569800 2281.12994800 2339.89339500 1199.13267600 393.36043200 128.52368900 131.07943000
123.42834700 161.33025700 418.58819700 1442.88285800 2211.16831600 2890.89594300 2130.54542300 2629.32793700 2777.77903200 2339.11645300 2777.77903200 2862.20799500 2755.82522400 3711.23450900 2213.73842500 1791.77839300 2000.02937600 1997.57714700 406.05110400 196.78258300 186.06755100
86.82471000 154.66822200 668.23861000 1565.91984600 2296.65654500 2299.16993200 3203.81181500 2263.03927600 3089.55702800 2268.83548500 3455.08884200 2356.82217000 2922.21417000 3570.54351500 2773.07398900 4192.46141100 1924.82143000 1630.39632100 418.40023800 204.97163300 199.78588100
149.47506100 229.47868500 619.02784300 1599.00838400 2170.46226000 2486.54276400 2213.70779600 3352.49455800 2722.69254200 4145.60495100 3098.67207600 2938.71141100 2760.76517600 2393.01846300 2544.90988300 2560.17728000 2237.28427300 1697.20623300 770.40943100 119.63803400 149.54649900
185.61776100 93.37901200 1061.14492700 1731.45918700 1809.78274400 2237.19886800 2672.43940700 2435.04140900 5034.14432900 3073.53815700 3395.31314500 5562.22234500 3429.29625500 2808.35466000 2595.12136100 1966.74309500 2219.77375100 1856.81507100 1026.39262700 90.15689500 246.09876700
109.12020100 309.70200200 1048.72820600 1997.09201100 1876.94339600 3430.17217400 2619.15802600 2967.75311400 3459.90502900 4491.35616800 4735.56941000 2999.66184800 4112.24153400 3217.17438400 2462.61213600 2404.08597800 2351.28264700 1617.28815100 1192.39807800 165.88738900 207.79420700
42.32758100 295.51272300 964.15976100 2556.60778300 2150.60998600 2497.94821100 4785.71900300 3108.12980300 4695.45240600 3880.65573400 4440.02680700 3230.68971100 4282.51873600 4023.88426600 3121.73682100 2367.43891400 1609.19405600 1934.54177400 1286.50740700 416.08591500 74.24166800
4.97733000 377.49714900 1115.59570800 3171.59602700 1982.99688500 2160.57848100 4085.69101200 3230.65350200 3955.49219900 3419.17259300 4105.50023700 3904.74013300 4392.26485800 4432.41052200 4143.85188800 3211.51513600 2893.86155300 1896.06957200 1476.37406000 484.93369700 4.97733000
272.00239500 558.60729700 1568.06509800 2260.46339000 2260.46339000 3761.44313100 3228.40569700 4887.59856300 4201.18275000 4324.02317800 4146.49467200 3379.73702100 3080.61188700 4118.48120500 4118.48120500 3254.73073000 2109.39022600 1973.92865300 1115.06466500 157.47980700 41.99099800
235.62954400 525.88746600 1231.95590000 1574.49535200 4295.60860300 3819.98498100 4934.88013900 4920.85387400 5557.15967100 4835.10184500 3569.31344400 5746.67435900 8000.00000000 7524.09888600 6492.11930600 4517.44951700 4241.87410500 2080.77610600 1296.80295600 762.34856100 4.97733000
4.97733000 478.19131700 3206.14672900 3063.05087200 2649.15238700 5386.59821000 4588.58098800 2991.00488000 3284.15661600 4595.64557700 4522.27857600 3692.71539000 4193.67058200 4860.49521400 3783.77135200 3284.15661600 5167.74349100 2858.26486000 2147.76441100 520.67677000 4.97733000
207.47171400 1164.75408000 3088.25313500 2715.79659600 4563.31406100 6758.52643700 4429.71237600 3787.96190700 5329.26304800 5680.79095400 2211.44756300 3962.79388900 4976.67602100 4400.31164900 5021.84434700 4317.29345200 7016.85225700 4223.49413600 3660.63108200 548.59263100 365.58865900
307.42326300 613.85156900 8000.00000000 3376.77677500 5350.05028700 3079.02117400 2791.85789100 4514.87182300 4767.34613400 4319.99343500 3355.23046600 3802.84327600 3430.37337000 5492.89957800 5647.74090600 6479.81567000 3268.42488500 4952.07791800 4163.99875100 1545.98920500 151.64854200
4.97733000 833.57349000 2690.47558100 4618.37281800 4055.35322700 5249.58770500 4077.57625400 7117.37244600 3003.84202800 4590.38056200 4673.99793800 4448.61791200 2493.03088200 3666.52526500 2621.76059300 3595.68997300 3293.10995000 5249.58770500 3980.76407500 1162.57287800 4.97733000
566.43800700 500.45927400 1509.50308100 2472.39016900 5049.24082800 3979.38076700 1249.23107100 4355.44118700 2443.59109400 3464.78029500 2755.37446800 2523.59017100 2589.71578100 3240.90262000 1826.35339200 2795.86129500 4064.72697200 2389.86484200 3162.96837000 1097.68975200 4.97733000
4.97733000 647.17547900 1867.38338400 2334.57641800 3643.64388000 2377.02036100 2757.37345100 2757.37345100 1981.02138800 2121.38282100 2387.36719000 3050.32794300 3848.45568600 3886.22636600 3241.87955100 3818.09653400 2531.05040800 1981.02138800 3175.34827400 887.00893500 790.76603100
491.45232500 483.60084700 2872.18680600 3990.68654100 4560.25320700 3859.56652400 4560.25320700 5919.55378300 4369.86210400 1926.83926800 4956.99049000 2504.92574600 2980.56332800 2737.88285500 2762.45249700 895.09258500 1104.19694700 2410.81761900 1421.44410700 4.97733000 629.55142600
4.97733000 643.56462800 789.46238200 890.51364200 1168.20439100 1255.26971400 2393.53007600 1105.66091900 1094.08083200 569.39522200 666.26261700 2010.44496000 5570.59538600 2660.75564200 1359.01798200 4302.64645600 2119.07406300 1573.88640400 1338.70050700 1255.26971400 4.97733000
254.56992600 4.97733000 2159.78485900 435.38580000 4.97733000 3826.52331100 1534.72664700 3440.33498500 939.07464700 1012.12357800 1929.12242200 1299.74933800 475.97144700 2822.83206300 3152.03896000 780.44717100 4.97733000 1405.98986200 4403.44373500 2385.72818000 4.97733000
4.97733000 1850.15662600 1460.27046600 2227.57325300 4.97733000 4.97733000 7069.87471100 1460.27046600 4.97733000 3112.74213500 975.16921100 4.97733000 7069.87471100 4.97733000 4.97733000 4.97733000 4891.34352600 1460.27046600 522.24922500 1695.67418700 4.97733000
4.97733000 1820.95328500 1820.95328500 3591.56862200 4.97733000 2109.88246000 4.97733000 3977.19628900 2815.29241700 5314.37669200 4.97733000 901.15167100 3183.44207600 3183.44207600 5314.37669200 2752.27852100 1820.95328500 7235.44879600 4684.60276800 2663.26507600 901.15167100
2368.04027200 4005.35695100 2368.04027200 3234.77120500 4899.17028100 4.97733000 0.00000000 7813.56531000 4.97733000 4.97733000 4.97733000 4.97733000 8000.00000000 8000.00000000 2368.04027200 7813.56531000 2956.92788600 4.97733000 5295.67431500 4.97733000 4.97733000
3244.28526800 7498.53605300 4.97733000 0.00000000 4.97733000 0.00000000 4.97733000 0.00000000 7498.53605300 4.97733000 6503.71759000 4.97733000 4.97733000 0.00000000 4.97733000 0.00000000 5153.02984900 0.00000000 4.97733000 3244.28526800 5153.02984900
4.97733000 0.00000000 8000.00000000 4.97733000 0.00000000 0.00000000 4.97733000 0.00000000 0.00000000 4.97733000 4.97733000 0.00000000 0.00000000 4.97733000 0.00000000 0.00000000 0.00000000 0.00000000 0.00000000 4.97733000 0.00000000
0.00000000 0.00000000 0.00000000 0.00000000 0.00000000 0.00000000 0.00000000 0.00000000 0.00000000 0.00000000 0.00000000 0.00000000 0.00000000 0.00000000 0.00000000 0.00000000 0.00000000 0.00000000 0.00000000 0.00000000 0.00000000
